100
4401 792858 5
8439 865622 9
3725 832955 1
6366 921028 2
0 1000000000000000000 1
701 837097 8
2965 769993 4
9523 81976 5
34432 9999920 222
4766 385349 3
646 753992 3
1209 371972 7
2228 961000 6
490 499674 1
7668 468727 8
2519 171840 3
1002 914907 8
3568 887100 8
7075 952308 3
6673 645665 9
3127 909969 3
3901 458931 4
7243 39232 6
7597 115191 5
1813 539974 3
7998 968182 1
21345 4441283 13
2590 45700 5
352 116029 3
332 539995 7
7977 626769 9
2433 588437 7
9046 160519 7
22322 22322 1
573 319349 5
8984 321196 7
121 132 1
3491 376189 1
121 131 1
4609 64949 8
9974 603759 9
1329 665400 3
873 84000 1
2428 914457 2
10 22322 2
6916 519450 6
5272 393026 2
5579 763362 2
6153 882984 8
9385 146808 1
7800 282033 2
999 99999 78788
1000000000 1000000000000000000 1
9390 517315 4
9597 30751 2
3976 759716 7
5230 55195 9
1616 875376 6
8892 186601 5
1363 123520 8
8145 485026 9
8135 346033 4
3748 207521 4
9929 160753 4
8483 164651 3
2851 217912 4
4945 279540 7
7558 716225 8
1516 476245 5
9628 221919 9
4153 196591 1
5303 577653 4
9332 549970 6
9151 163110 6
121 121 11
6311 744038 5
6760 325542 7
8429 327368 2
0 132 1
4131 988357 1
0 1000000000000000000 1000000000
1396 974496 5
2789 205886 5
8764 690922 4
0 100 2
39 1000000 3
5759 165757 6
9286 976503 2
8989 909410 5
378 659223 5
5630 555906 6
100000 1000000000000000000 3
2871 611476 1
8621 305784 1
9352 507517 9
886 56750 8
2035 587687 6
3286 977701 4
3376 156586 6
4370 274443 1
