100
4046177
9999991
3929879
9999998
1750607
6716541
3323191
5462959
8460583
7783893
9999163
12
8603593
2196613
2896297
3949061
9999971
1
6704676
9999972
7762723
9971849
6735763
1403870
8291470
390548
2044523
9999996
983469
9999995
1507483
10000000
1481717
4
1862603
140839
5388168
10
9999929
1221469
9999997
8763892
9999930
6537523
9999973
2360890
3702389
615403
6513281
9682616
4125389
4572049
4461641
5
4936439
6463741
1281246
6865010
9325574
5103067
5331653
9999162
4461642
8237213
4170220
2
9299449
6697461
2610613
592432
9987391
8248729
6987083
1264969
4461643
3132736
3410821
7203246
8697851
3
5001361
3910981
9999999
9999161
9999931
1144
559513
6
3191803
9
9309119
2295773
3023326
13
11
7
4751053
7551991
8
8873129
